(102958951415462111804338571713619946129281213688621737916300303810380246300314, 29079230526595202487595724959831472173953891965709158171626149782419170767134)
(4174156549367796236117205414371929471399516578570054109888770895994741772231, 65209250969136946262677527296680393046291706761772798500987544725222739695509)
(54530228292159824340547927998894498210322994757267882805528605740431524583940, 17954898233573167990188917704318418179630918024824241633086799508793864410356)
(104423237459945034835502773059326069526039170128003568935685082884402902166454, 22505363507240050486798485990372281272910627992571944053684528561549024716805)
(5728865089443837656574816207800235017352306732240587006522938563180170613711, 114282296923358111762132849625683723648637310114533915524015332720417104065675)
(107540358972895556078100033732219302611438961545646766853088808158090474856373, 7715316911500742539340912485326081809813388980138586980717859219391890662062)
(101678788099107502714343942917251469694205111004018715584448433243365978514600, 61874641462390886061510823299441773095390004733554565247392241581523192318190)
(112589835138814430592990573037399072373173561340111574884367994933928530268811, 15855125547614865227483449066884285868182014347467509550885204930919004844151)
(75726147252568304963032354443513575491604255979623585232442917001697029434769, 69980773423665898324619678291011216925086083030682712655693760535949199577557)
(101362244390380134292580500023563107435148443078262317053091018701253914211094, 6463737790074941753232976438976807077393281291895993929910730598125192741052)
(110620906542393264713017701552804145095575917381583955032362936700271440177154, 7183977832539302732060378559905996708759754606446770000982347557748910264777)
(8620536850327059077020453462001324574306931418343934417154965543817559107674, 114066073158736667068702216849238061208312631685702341397787776895725834287666)
(9371599477656955086815976837112244415194858494862140098905278377064409886023, 11690668876060115310123121458931266933447082255086229662276461064790315205739)
(23576324934837614971480245887806895988143392758590073859993880231977438623819, 9185692140487957164925672070483086311606786694814218224290363188240989417777)
(10128353154585609800929089633261222635692247590041297871500223025753283059763, 87625853522578503532508527738894388866481984167087644670832864134651250374690)
(4612496583895334806198068136202818479521555779686500232981671408972226431757, 57269560204448161342089349999735315392415999492241155261860402447147265814667)
(4883484609743039156302166638199132632839944154314509079189532050069851839199, 69765150554129683139235019365315638527670401529978221728193796099488163021272)
(2078684372747004044953217856993104223495250138403737645497216674536256876208, 10709465780579357830738895592428015764792366470874474468218118253449644093658)
(89204429677291856976082143199798142038555056915585296168984599697191689472117, 11174419098632285682784448528295726485990845072073172551841536813477135245991)
(14433148335554162534004027228097882922285867677852745011970128345283381827208, 30151170134738818027412868618328858263872586052304708127619078705844088341235)
(23079278242740006896417040120043686989276363102204094119515682182769473105605, 81907806381162469800344399916009020965028271827215824775557907966495715112715)
(85256604206584939990903026599468336666820114076190449013208162467665460153719, 72622199338550006306162152050965222525953061023559404861238181545912433280305)
(13689111807791163494702173252390882916010422890379809648605004283909076464819, 4253253186597038514906010642123061917382217835686010241111870222444656814865)
(14373065404966719726521588133054092384490869629394955474139678353561187413599, 75761217278735035051858561263663487333556387799388332670320731872486849003390)
(108036716454764809677597717964307605871435288600210479312731321328450311775522, 5313783257905183485269418862251604537467175038423986588568948367474925751998)
(34563926339607487832373706071903384193793088619291831661193127966665154061872, 86553488523948945981520802093344329649535642521592765707937233452489494654905)
(7250395048719389494871573940840793211000127897324237665535867858022637838082, 80082793719689720189201596140270166513138336187735568010886842824325602861245)
(49854637942066217596830388097119505398181833498867257990184278868333799829339, 39487489442874940859959300955474504290321479175273219505278910112630845858201)
(105446381845619751298439201316850211624572911697628806406912617112369324874521, 65927744352076774733378321663022314904998077796908910698399226372843386482406)
(53408768981271723692985704956656560162373487772739447692518778259666755351339, 114666948851049956181244764274715497697260748053187043579385524628715350238002)
(65249083570345624939618556209426548301168830376972473680210871635701814798217, 39707933965597956367678632270968704854139403536997084187120898697696353604137)
(104375960147625749821398638477184842988015440848107090775382541697760712773898, 106673208026511563809337043423333710928550467615308163958845250533872398258745)
(49211470750776931908194442786065899924493915202899478957368942367063359049976, 109815341824762593606453432937739952224572590858145585735210332617286001769324)
(85805053601146254873909690566918215888244412974937824337163017482602855134890, 50013262196352274034237402571000134668718284868877847809514874943292336468204)
(23866946131388469598358168078653916120331639399552937025293860768310146648136, 60223543012206595968672310910322716980245738606333665500620218321274370150425)
(82130068993495423724393502131584095657961800062021871486303145547652907221323, 48396267345695839094030849556817880017526543145052276189706749015228245781815)
(37518643232141537214377483436189567086073239814047132288795850605747960403352, 1143715630828940881398058140743130080608633510120951719833371149552387228305)
(7785465202957929000506769199729454472183116389713509590059529620728276642708, 24763601469160407179903166834598298274634851298078727602366671418381767825614)
(22876357464856353119413536233956191620821442069640909777710359082002429209419, 55958286579384229169835130726910963518186295481059975520686157219172422165168)
(62099410920373260434348494336851806873931941308398566183196338721960133930522, 68596296662994413439732573214924470324240013439283713296773817108884902496581)
(35803614488657422204309057562353815172531253284573428179236336661201401692765, 39205446290873959813545695619415222931561791558719847635301151195936971896984)
(13351537167044255185105130296873437551716550239495895504503003458418911917206, 114364947926219039238402771256790718967819712517116911130524962878264618255780)
(50463119545816935434940581394805482972457245884188703094832610311187819241509, 82609664506327166395416513824059599128226513276907878132042002261772345396927)
(44748602718213728244293824551850381625499528171023073930960182317783697067270, 76573971430714386030417602976705238477847213070025954231984278884341321351991)
(71701152407286074319330183263955038614358064578807577539575478313785938489108, 20930026651110282321842338840353806568878108849433279451741925640274633377726)
(36425227994389625584764225989742744912500911671065230400715987620524100616442, 49974232752905501623549901743618788024928006711350125520520832146575054629863)
(20297357655501185202349069563103215457070886982959136072817751144685011746520, 43871193872302780722571104036061303766487032905153629487190243732333735345103)
(8695670134750056391417401406795893183013747212003404750760027591801484492277, 54238681483332159053149917458746554658172741276627008707714022639540588502811)
(2071030388285968006613418643309085554169839080669489734734874032964373640113, 6309106778100296430730919696058874932381748622081942149356475247153406137254)
(100931389287406714086566057191692401469839965843421910611533109283778281286586, 103425638557637454023436037798511478172532037904169849275721706877714498231859)
(77012123002838829254404518341649587484136581198993754949413496077872674735321, 61697292581472242153103701109792607640258294375529551886119367852610026838372)
(110333971794191551167165618780359733637474239283277214048762470351257894231607, 16502487668725671721444154529578298782408459379445778283378950295739551714792)
(73101309628064232131752439412077744780243404752992565331707901207438744445577, 48020553567579815346251117076244156003169255500591636264060865236414802849362)
(10074323034521357025753202552142353510207911120441361815735631045763082543297, 39618409665992193719279705376290594999685838107909732392709397805180019676912)
(78498301186264672065496247621807050310443877299422748284544378231542709258212, 53042861668241106275262639147032623135796431535567643083153966969508388249589)
(46645165682364858539271644691545415958667041851713569289766065751082842582134, 88694828089074685740892656488204534450096247301683122542633234458466353460501)
(92547643419800187656925044578067272570430248889242476891062210650862104056906, 31689972097997630138021585186564796338596443014022807102507812422107118784785)
(87110024814287035120855522893902483184022008776551841395291911238072499655304, 115562643259015940098621430980247320669800580360507076674241480119055079980338)
(49141092146049676306166616546933648613148410426141976483472554749697784548495, 64313812335790428146063900965496851424048468475064316488951844267256442082397)
(56036502916281751613869870387036428947697006601951673031897875818026345231665, 34850948760371679880245071002543334064496452692921361146410352303925680591564)
(58374447995536330797958657205433816562224331466067490635036243168197442724246, 83465911628156230289794628781189236344715092589742561160894170083585900503847)
(64859126165118461420139744495672118267621253839422746275503012452049811277092, 92167108062433717794428730698384405203547488062044111867132218074598539480448)
(38840769248329562338852127917921809554588534099518419035413916566040112190672, 15101746816656146820118449089406614132397461658452478223028401343718421201626)
(6747364581990114282927254717796931249096882111686322199046658346947135615492, 64132290823751346130780267230239330767693231144291754079811586132460619500934)
(107911301268895701354113314647486510391173277838993967627905100923545235814339, 64542192100826808855965443266086180617840329202845710384507694527938015856427)
(37403357567948981674820472910764352777010356528231854039213009524023831843453, 97379483615675678434226134275785324066860420624771057542218850060476721817507)
(98608417513214930392948294671767881364875545166701857951602425669604547874411, 48569125261910440299218788953058517845369021382216862612514166265664348580300)
(4227688170125279514964969499029053268404075586904481280983971521745577783593, 52001171720967124210071090794035702864543445441545935929240381306021079926141)
(67321713642624141114269187368631523049302243745505497081440149915431870190583, 43050087006894885572934098949072045128703583274725398376028775020282650876938)
(20458558783140904969439022979200309291497072010485329487952807809723417526941, 2354572997575919846867935455749951917079058050932330838120617970283387505203)
(70580403776824834023462740922599570050471179405750966231688638751041085898936, 71821367560103964275307943157472518483337183494710744606393215936534709819315)
(47723642596068639300113829527148879319124271033963655369463029672883059842721, 6927783764772376735228005427171695073637836125695448007979546301807682714891)
(76660822575172278305425079565707143467918250974766844429473527457847346260922, 33849683412328696011525885682574988315306545175925500787143422767101078186918)
(41377433160931300007694019113696706603334271348342024839163200414469106025105, 108295107545717355241665651194009487204318132385961081827766465435746488909422)
(35484764324270323025691714503020503240238014351958568431163469052057715010486, 11479570591297526955572623042345484589171446802397098071153956131068346567460)
(19045219719375733868831091604987091717816809687720659086505966425111451301853, 106502602390608798134220750779977845382019322126317195998374344672937468527979)
(18879375163992159818395750596272420414306865453630624295506940534991025211321, 2387140728258055074864001297415576164552772052256096594772746747151300430861)
(29238658740672806681853206439757692841093232477711860826892775967920192559551, 115202980358680683770506194869470911444374312418175292020205947609868662432704)
(88881733017176957605934784492502286358163291875943388233788158703514626899323, 93113758220186985602663858525409749410303663730404159366910881423972299462576)
(38996689442898015461704080582288945456306560537266370415237859992444958519152, 21036836313077025630556523556282807837441899226508694559202883974311642352468)
(44848663620892611892026406736608103120074925719368770606823096845716191408114, 16762316439814618137819270559032373818118409724086558801234913667089572822444)
(24269946313556014811283583124702611974197076245504470029339941118428313331212, 103726768156145019931690021235401444232452099297817150629153651636336467746834)
(53400402023818258799598351083366922587404024626856553573082312849201282975560, 93469317624488832700103489932686616589629222558330020514096446127031236589061)
(19356353750483225042969754421292269855112094861046831386046483049749206333625, 76461201815455136868424411614197452919650569234507348304077355208085665103545)
(61267200160027823922753307910453108838864305500305982419484646143930804860126, 22182705500487357372213484161836623866806430068925126295569447601108258655246)
(115364169950180967629806259730164739150966211883022889443280772702502682466743, 99996001364640420699978246570447100559718761175363278480982414276767315191771)
(113951033135220255684777147616469042791790446417038695638769048220191119009607, 58615809028934443173465149367829645367980541424041859970038477717217344830760)
(88241694345936731240588603050998340621777793693660002752953776541728128742925, 58935379850030010728251842801457898257248740092574443701473969223450259482285)
(4761387126526162976008066922216457164047804476107868801664286386020059387362, 89371448205055633847761415246598673602512946795471187247831979094868711005720)
(11201378416701736274682569976789968524072118662933311939432215768512896334954, 47618514780118403959774748015109564902199711722279574674581019098876876330379)
(112684300120177817954344408563330737610660155810564111911113583864780971617740, 45560844857909767548934111152618032755846883327960524154344511163780327644144)
(107435201586320982784475842040531802985748390159815688704523809296756469700854, 21943476888487430331127167856161586410866451192526666725523650773868403804356)
(114468106978739577924300083771457627374375202885727402140911369453096426436490, 49587165683417827553299403424284662766798224123009563269694204191741872179771)
(63215559664315621035232426318189150130305580169782714381110462833258687918287, 1648326866878967913485309523151445061391038562034670634144505626619622274612)
(95011936734209192923130999355493075220307780558951909639907625014051928434435, 27179587489796210183800822206058331195245777659994571681944924467677681430386)
(78126644203269846259180597791725933014118409571334893963094512185950230655889, 65006139550448034100294833625055735599952986480552054821418394679281478449333)
(22059636393685097995202637856095470303254710570848054872069798114758129948770, 81937885878830159899736994217933409467943926582506351756020111417634818305690)
(40110786151682402743240671014906974940981885930987925232258486757572963019723, 113359239294142948494758420239936214349821130777749361236646873365979531063780)
(60546557561418788780573441888939208916580271578971195816956577667934924207399, 44097598926026081371365901510163607659453398018576981771201690953736607871198)
(33375921005216765366618623696796436040460559555679870631132612407748637245732, 74244286444694581417114848729557993477721095321301365782994469240262054245245)
