(66425334403591129011124611042989571262846954767805050505118375135832366162768, 29200588937440420978797135635543481161832943200168540512406839755284980455080)
(98422413698219047174619486052476887581733272921933120222110016909699449188088, 25129651937321456913563959181678481207031153334672171791043028708174750688150)
(5258265757382212542911862736211132739084909936770830206187483185700512776785, 302632948254305051368930402692144936697001335518337921980486190540870733399)
(114210647432051812392720519000655629680764245576469211595311816765242825939214, 9775832566091665755113018085113187515382083237231443636019500277890332385063)
(82284149550344239621735834496688447717400548127798322788854639743798553997952, 77873226341887047197549301144977003160027199499466541987823025372314094314170)
(109264524996501155193889039458049582527999091209704722254629574886039427714391, 83084365576891238167760508993479350493676101753938838264803357501630238162132)
(79006305218712096819211079407599438942864939333851802192314680738188175888746, 87877043591425943839933267706319837323669849346934741784518531454239419049985)
(13537454436029089433640040880641449977671961027184112153613365494168285977020, 10593897214686276639315356716335093485720293795012038710775635274520169750100)
(54620329035665480982939323217007338166372867486177200583974593608201932112724, 72248384813714721910320129089201809105350163656908231550760040391782599450430)
(21649986944665674503808468903888157751937041293984684843983523150762104766978, 43640199470834245739387484398439747785521494984700670277277875525339911923132)
(98564566530533398666520210729742742556934286191251862508832329373763232292802, 62857445616950241595778974839617073113294859688536299481757749703400777428871)
(96068845299379058538553397210303255710037881554904929473805472560554999110777, 8956638749360206429849594648894388464299779047572988616012732069415634768559)
(86730764997915563594198141718217417854190873432137750415472207198236352158221, 105592474703445805438138867721045520760321825376132814540680538564025771967535)
(52119662045239960720891140873808127697662643995387994850696269089626844890132, 33060945760712315425126013486359173007922804114219931148725849504245913589808)
(98822257712924916759988428738869488499070253585530864370742904072476081918422, 46008563538417822345814586828825458836499956646676948154676570879610445281602)
(114388632028505291679931270397807423902631223465413470556970598225401554401316, 95574123758177750309553259228341668448387280245488973546954749942185177071059)
(92963517886702605316298181917846443417972371520061262096447073390439332955347, 56868565283276229312399849487946728220749879636741155295219763619705914501218)
(71571384041893255531272997366307984507823127467423861469584016829401899250498, 51406900249862579690025796742820879135623872812603679398147032713452040302310)
(87408113645424669092420821734086027315948241505046334453884630757743156923178, 59508028264449241859816927883596829662445613753343567594627446787631420289049)
(16805308350885003332739471876908532626623963753491613722217257348813979478862, 19294560527480988410438202111871955694181027387156363776030351450813173316266)
(96906015029830246097261981075236552168786015263106066457457569999972793600424, 100008012377438581866505832423978861716378266632596236579097611344347146923853)
(109003592458450205777290613220172744819763917312581544105436724243101154329165, 8297967735994533158845540738975598108811294939297103135118847014840620217848)
(61717779367622661527499423220458476996539028909102437021139770758820075648365, 111121393662366588431584325236651187548440102315599567457966649534744651708525)
(59854577168446781360568292400406502671204921809244709549846504151601307128678, 51110967362090526045239627218658725525716925015097047831617763835378093586777)
(51233178400550005446712801998800176485633110976922513377986778633399386568327, 41156348437059476826604691225256581665951831506471511263846168002723536405426)
(76417834806445270693483359311004151995515457785427606590642009674524243443617, 21055081245798260394677356818562457131139408805839455823191088790941681757371)
(53824581588239239462994664793879180941788255168872588012100503941951104157080, 46454111011359089473431256614645874975959905625528664603503883436448897570104)
(111154608175960538537962576829381074529939934082747167602925585355731960860279, 40841862693985725911730843859246984932371816632783863945854349998612901139743)
(101591345429418793691880102671723267336811752043519820602328648125263976280964, 99237348242067377614957699966073059932938308290241296342824461861842128831294)
(65403942718897677260815410313083981999037881459225891435623553137438852038774, 41406166840003157183295922361893115996698358855387711765735982444422578637377)
(61162803468241652212354852640819495639527320313838576687337662011551233615744, 78397940824769768332873351059139167370928771943417529674155021799333205095988)
(89551929556009078681643612632725749974408321466511222662279249032821283730218, 50447339385007664764443974368208768272355483211541810659782104955042363849352)
(68379055840212016313044018627090805197120635630832067872216586992209563898152, 59935089310395296916448639752783848969060475639504160357634160654752046625195)
(109011120520292620011875568705456826508957547873785571975589749348923369046776, 2662916792151410038371762908990086913662014288237920915061257410266119856850)
(104620502194709710254808510778503964375054960191888850501695464533504715111134, 107989848440242525558164976759802123369020963949365826898029799592620147551594)
(21427484808774101694028087108028545054089450017521006665629176455151751797563, 35644455282945982287991672183067443427247551052113452600888535071960262812005)
(37731791226265852067103969844635895018022308321047939356167299554585780261545, 40312308659230751146086797994405380054935614931515104242757719504011878017828)
(91375256743330741164300700610558365206532254206382940118255775994721879930893, 101918304546775965570803374066384929679770109336531370737465109081650746079792)
(47957199425018372305321298585405365755221473498816786478134595425762242308499, 94650579000544557234192673362369405582050279479978090416074405578565304194244)
(90196323093485939139917449250563345324837708915461038673420968812148780324871, 73099151074485850581837483592981477900648678823612419387480925163209831623273)
(72691012543453280096383314115965644557486417681470686436695031188399181513723, 71083863281921523952189330736931092941681379462097916836148520804206950019922)
(33708641047928792201841212524758098131817005959488982661664770900529276700037, 63106939881361220943354512500586156990982834289482904016269367322740803454990)
(107510408185064518425700817420390345659486152043472785649200671852298256371281, 32605969865651075633289429754732564650778644962465589668946911309559096417218)
(80704385593043219164081853839978317795541967432093474094392048151297636661295, 60746609358957281210553316677488129927215756374603233119336293439800626990431)
(112125175826661630608335926811419357063594808293293996288677564067285688557793, 112415372161881732492429153675760728498047430708419225595261787985073618171044)
(50509219395680308594708724986753574958807408904579841394565824798775062098985, 29677449287943364805226559487050520093144963186213446678273112445842939554246)
(103626003251648644768840120698749350864624861601290013581006531149752696010563, 87307867855145671079234218902804341820115728696875383072534401016865959353626)
(85115025350292758270962422902625910072922457854629663697166039421897583309263, 21678086292029807307068724227885065700238283651681206897864693996407723022680)
(68883604824469024544183896585047577987459225547533152280231441403373924050245, 54200103274954449342625805488335340985622667861380841876939588652951630682638)
